%YAML:1.0
classnames:
   - spoon
   - tray
   - yellow_bowl
descriptors: !!opencv-matrix
   rows: 28
   cols: 30
   dt: f
   data: [ 7.52906740e-01, 2.44474933e-01, -2.87883878e-01,
       -1.04245193e-01, 1.30529717e-01, 3.56331393e-02, -8.39992799e-03,
       8.83436441e-01, 7.18861699e-01, 1.11547217e-01, 9.11494568e-02,
       9.19094868e-03, 7.72689208e-02, -7.67357324e-06, 7.49721885e-01,
       3.43838841e-01, 1., 8.49091560e-02, 5.54443181e-01,
       2.47188238e-03, 7.41564669e-04, 4.69657639e-03, 0., 0., 0., 0.,
       0., 0., 0., 0., 3.33814979e-01, 5.83747700e-02, -4.83473510e-01,
       -1.07496485e-01, 7.50019491e-01, 1.77348465e-01, -2.67710328e-01,
       1.08383441e+00, 1.10821271e+00, 2.27364615e-01, 1.96345598e-01,
       4.14849967e-02, 2.06509933e-01, -1.30123051e-04, 1.,
       4.54708397e-01, 9.76699293e-01, 1.03819109e-01, 4.12381083e-01,
       0., 0., 4.41196747e-03, 0., 0., 0., 0., 0., 0., 0., 0.,
       2.19070595e-02, -1.57569884e-03, -6.90899715e-02, 9.41028725e-03,
       1.13750577e+00, 2.36782320e-02, -7.33471751e-01, 1.15941274e+00,
       1.26365411e+00, 5.85463166e-01, 5.24753571e-01, 2.90857494e-01,
       5.88747144e-01, -1.01520505e-03, 3.04798186e-01, 4.87281054e-01,
       1., 8.54531601e-02, 9.56588015e-02, 1.06626051e-03, 0.,
       3.50342738e-03, 0., 0., 0., 0., 0., 0., 0., 0., 2.11023524e-01,
       -4.44523543e-02, 3.99034560e-01, -1.06569380e-01, 8.62941623e-01,
       -2.19270840e-01, -3.88288856e-01, 1.07396507e+00, 1.06191146e+00,
       3.80914003e-01, 3.14434588e-01, 1.08815163e-01, 3.22608858e-01,
       -1.03104208e-03, 3.95077050e-01, 5.05401134e-01, 1.,
       9.01363567e-02, 1.75314322e-02, 0., 0., 4.42712940e-03, 0., 0.,
       0., 0., 0., 0., 0., 0., 6.06544614e-01, -2.69203126e-01,
       1.83950797e-01, -8.94467086e-02, 8.73023644e-02, -1.37028703e-02,
       5.10718906e-03, 6.93847001e-01, 4.04964119e-01, 1.26800537e-01,
       8.71489570e-02, 9.16104391e-03, 5.54208979e-02, -5.85424605e-05,
       4.22155172e-01, 3.39073330e-01, 1., 1.16456598e-01,
       7.36730024e-02, 0., 1.77525304e-04, 4.97070840e-03, 0., 0., 0.,
       0., 0., 0., 0., 0., 2.15567648e-01, -5.07131927e-02,
       -3.86391014e-01, 1.08948767e-01, 7.82938719e-01, -2.05441058e-01,
       3.37129563e-01, 9.98506367e-01, 9.19101954e-01, 3.20020378e-01,
       2.64600873e-01, 7.69925490e-02, 2.52274424e-01, 8.59452120e-04,
       1., 2.87251979e-01, 9.14797008e-01, 7.97561929e-02,
       2.62611836e-01, 1.29684864e-04, 0., 3.50149139e-03, 0., 0., 0.,
       0., 0., 0., 0., 0., 2.22464889e-01, 4.11675200e-02,
       4.04717267e-01, 1.00475341e-01, 8.16081941e-01, 2.18865931e-01,
       4.36065882e-01, 1.03854680e+00, 1.00756550e+00, 3.96882325e-01,
       3.55493873e-01, 1.33529916e-01, 3.56612027e-01, 2.06267796e-04,
       1., 3.35422516e-01, 7.61832714e-01, 7.17527568e-02,
       2.66911611e-02, 2.16122760e-04, 1.08061380e-04, 4.10633255e-03,
       0., 0., 0., 0., 0., 0., 0., 0., 7.71789551e-01, 2.78475881e-01,
       4.75161076e-02, 2.15202365e-02, 2.26161517e-02, -6.67250343e-03,
       -1.68045028e-03, 7.94405699e-01, 5.70291936e-01, 9.34861973e-02,
       7.42706954e-02, 6.18870743e-03, 5.60767800e-02, 1.31476634e-06,
       9.01118517e-01, 1., 6.62830293e-01, 3.42032760e-02,
       2.59361323e-03, 0., 1.62100827e-04, 5.18722646e-03, 0., 0., 0.,
       0., 0., 0., 0., 0., 4.99385208e-01, 1.50062606e-01,
       4.95156407e-01, 1.71317756e-01, 5.24103999e-01, 1.82199374e-01,
       1.81387022e-01, 1.02348924e+00, 9.81330454e-01, 2.67840743e-01,
       2.34798685e-01, 5.88817820e-02, 2.32456416e-01, 1.17489944e-04,
       1., 6.24232769e-01, 5.12048185e-01, 4.03500795e-02,
       6.69470355e-02, 0., 1.13662193e-03, 1.81859510e-03, 0., 0., 0.,
       0., 0., 0., 0., 0., 1.47222891e-01, -2.82030436e-03,
       -2.35677734e-02, -7.03342073e-03, 2.58710444e-01, -1.31523684e-02,
       -1.22167664e-02, 4.05933321e-01, 1.46512315e-02, 1.42117159e-03,
       6.25695975e-04, 5.68777523e-07, -1.61156840e-05, -1.56901905e-07,
       9.46327209e-01, 6.19909406e-01, 8.71396124e-01, 7.74604455e-02,
       1.80816315e-02, 1.85182400e-03, 7.67829479e-04, 2.25832197e-03,
       1., 2.10776721e-04, 6.02219188e-05, 7.52773994e-05,
       5.28447330e-03, 7.52773994e-05, 0., 0., 5.55538572e-02,
       -7.47244165e-04, 7.69493775e-03, 1.27869705e-03, 1.31575018e-01,
       3.80042940e-03, -1.60765625e-03, 1.87128872e-01, 6.01606583e-03,
       1.77221227e-04, 9.43015402e-06, -3.83611837e-10, -7.31352543e-07,
       -3.82126449e-11, 1.71371549e-01, 1.76167369e-01, 1.,
       3.53440344e-02, 4.94658528e-03, 0., 0., 2.51277932e-04, 0., 0.,
       0., 0., 0., 0., 0., 0., 1.65635645e-01, -1.07049523e-02,
       9.02112667e-03, 4.04112227e-03, 2.35114172e-01, 1.11388853e-02,
       2.35347282e-02, 4.00749803e-01, 5.15279034e-03, 2.07693549e-03,
       7.60615803e-04, 2.82785464e-07, 5.32520971e-05, 9.13222436e-07,
       3.69130969e-01, 4.59152162e-01, 1., 8.11220258e-02,
       1.65038835e-02, 1.44151563e-03, 1.07378210e-03, 1.80924928e-03,
       9.59828794e-01, 1.47093433e-05, 0., 2.94186866e-05,
       3.39785824e-03, 1.17674746e-04, 0., 0., 6.53672144e-02,
       1.94429071e-03, 2.08943412e-02, 2.06419663e-03, 1.24174654e-01,
       -1.76157930e-03, -2.61672121e-03, 1.89541876e-01, 5.20460866e-03,
       1.29862819e-04, 3.38667093e-07, -1.67129196e-13, 7.55239338e-09,
       2.23973227e-12, 3.53237480e-01, 2.08228692e-01, 1.,
       3.39150652e-02, 3.72802489e-03, 1.42291028e-05, 0.,
       1.35176480e-04, 1.32401800e-02, 0., 0., 0., 0., 0., 0., 0.,
       7.39777312e-02, -1.43476704e-03, 2.12651887e-03, 7.16488285e-04,
       9.90153775e-02, 4.15164046e-03, -9.00229905e-04, 1.72993109e-01,
       6.44971908e-04, 2.02224066e-04, 7.41516124e-06, -2.87116025e-10,
       -1.88213832e-07, -3.89204424e-12, 2.54293531e-01, 2.04519346e-01,
       1., 3.29497047e-02, 6.12901617e-03, 7.49181258e-04,
       2.21186841e-04, 2.71132274e-04, 1.15587970e-03, 0., 0., 0., 0.,
       0., 0., 0., 5.93470410e-02, 1.39603356e-03, -1.03808669e-02,
       -2.80211517e-03, 1.27312869e-01, -5.75835758e-04, 5.22705447e-03,
       1.86659902e-01, 5.05040307e-03, 1.95626097e-04, 6.55305439e-06,
       8.42121511e-11, 2.71351922e-07, -2.18994087e-10, 4.63840544e-01,
       1.41257420e-01, 1., 4.48975042e-02, 3.09908260e-02,
       4.19929893e-05, 2.79953256e-05, 1.16880483e-03, 9.29444842e-03,
       0., 0., 0., 0., 0., 0., 0., 6.18978739e-02, 1.86099648e-03,
       1.72992665e-02, 2.65221391e-03, 1.25752121e-01, -8.85915768e-04,
       -4.70058434e-03, 1.87649995e-01, 5.27442293e-03, 1.80624425e-04,
       5.14660360e-06, -1.64410256e-11, 6.90003432e-08, 1.56053073e-10,
       3.36684942e-01, 1.69434756e-01, 1., 4.30477001e-02,
       5.07805170e-03, 4.99124697e-04, 6.51032242e-05, 1.51907530e-04,
       2.44932789e-02, 0., 0., 0., 2.53179198e-04, 4.34021495e-05,
       7.23369158e-06, 3.61684579e-05, 5.75354509e-02, 7.71442079e-04,
       -9.17325169e-03, -2.86925305e-03, 1.29881471e-01, 4.91640705e-04,
       5.51562104e-03, 1.87416926e-01, 5.57054114e-03, 1.99964750e-04,
       8.59864213e-06, 1.00117442e-10, 2.68589673e-07, -3.42206125e-10,
       4.52799648e-01, 1.42809018e-01, 1., 4.82935607e-02,
       4.22936026e-03, 5.01788527e-05, 6.45156688e-05, 1.26880815e-03,
       1.68314204e-02, 0., 0., 0., 0., 0., 0., 0., 5.48470244e-02,
       -1.00029202e-03, 5.22357505e-03, 9.73717310e-04, 1.33196622e-01,
       4.17933194e-03, -1.53813208e-03, 1.88043654e-01, 6.24780310e-03,
       2.03170450e-04, 1.04248584e-05, -4.69337902e-10, -8.04355352e-07,
       9.95175886e-11, 2.72104263e-01, 2.25361124e-01, 1.,
       5.02039082e-02, 7.92773557e-04, 3.81141144e-05, 3.04912901e-05,
       2.74421618e-04, 0., 0., 0., 0., 0., 0., 0., 0., 1.28701955e-01,
       -1.17556388e-02, 9.14092083e-03, 1.46335328e-03, 3.08568358e-01,
       9.18990746e-03, -4.83084843e-03, 4.37270314e-01, 3.26861553e-02,
       1.63150905e-03, 1.79229992e-05, -3.02946401e-09, 1.17154650e-06,
