%YAML:1.0
classnames:
   - bottle_500ml
   - bottle_500ml_cap
   - lid_10ml_blue
   - lid_10ml_red
   - pipette
   - pipette_tips_box
   - trash_box
   - tubes_rack
descriptors: !!opencv-matrix
   rows: 72
   cols: 30
   dt: f
   data: [ 9.36764255e-02, -1.57646940e-03, 3.94939855e-02,
       -1.79493323e-03, 9.03873444e-02, -1.50751276e-03, -8.17722699e-04,
       1.84063762e-01, 6.24991721e-03, 2.95375139e-05, 1.63369168e-05,
       3.58652413e-10, 1.28170393e-06, -1.26118213e-11, 1.38509244e-01,
       2.37739738e-02, 1.83760189e-03, 0., 3.56035354e-03, 0., 0., 0.,
       1., 3.16986330e-02, 6.66130707e-03, 4.01975401e-03,
       3.63270909e-01, 2.37739738e-02, 9.64741036e-03, 6.08705636e-03,
       1.07248515e-01, -3.79799027e-03, 1.60778705e-02, 8.35042956e-05,
       7.55505413e-02, -1.41921779e-03, -1.55218027e-03, 1.82799056e-01,
       2.03875313e-03, 3.46099273e-06, 2.93762678e-05, -2.60241551e-10,
       1.28720205e-06, 1.41466963e-10, 1.73586085e-01, 1.66066103e-02,
       4.69998398e-04, 0., 5.79664716e-03, 0., 0., 0., 9.99999940e-01,
       2.41265856e-02, 8.92996974e-03, 3.75998719e-03, 4.44931835e-01,
       2.86699031e-02, 6.73664408e-03, 3.13332281e-03, 1.07467666e-01,
       -4.41466458e-03, -1.80613268e-02, 1.14921574e-03, 7.79659078e-02,
       -1.67092413e-03, 1.96920964e-03, 1.85433567e-01, 2.17519957e-03,
       2.54351039e-06, 4.67589671e-05, 4.38784065e-10, 2.17671936e-06,
       2.59810312e-10, 1.90919310e-01, 2.61511318e-02, 1.60436393e-04,
       3.20872787e-04, 4.33178246e-03, 0., 0., 0., 1., 2.85576787e-02,
       9.78661980e-03, 3.69003695e-03, 4.73608226e-01, 2.47072037e-02,
       7.54051050e-03, 2.72741867e-03, 7.73243904e-02, -6.29785878e-04,
       -3.79045606e-02, 1.82986399e-03, 1.09385774e-01, -2.32143095e-03,
       1.66284130e-03, 1.86710164e-01, 6.77495543e-03, 5.47700001e-05,
       2.09086702e-05, 7.07524095e-10, 1.67471217e-06, -6.75070893e-12,
       6.18950903e-01, 8.35871398e-02, 3.55329947e-03, 1.69204737e-04,
       2.33502537e-02, 0., 0., 0., 1., 1.20135359e-02, 5.75296115e-03,
       8.62944126e-03, 7.53807127e-01, 2.97800340e-02, 5.07614203e-03,
       4.23011836e-03, 1.05813205e-01, -2.10945541e-03, -4.09694016e-02,
       2.43666279e-03, 7.95676783e-02, -1.01915398e-03, -5.19498717e-04,
       1.85380891e-01, 7.40279583e-03, 6.21995860e-05, 1.34637148e-05,
       3.89276444e-10, 1.14337786e-06, 1.63553771e-11, 3.16944152e-01,
       3.62627469e-02, 2.96812505e-03, 1.67763594e-03, 3.12298369e-02,
       1.29048916e-04, 0., 0., 1., 2.02606805e-02, 7.87198357e-03,
       8.38817935e-03, 2.83778578e-01, 1.31629892e-02, 3.87146743e-03,
       1.29048922e-03, 1.26765862e-01, -3.77794961e-03, 2.09117495e-03,
       -1.19861568e-06, 5.54408059e-02, 5.15111169e-05, 5.33257335e-05,
       1.82206661e-01, 5.10475552e-03, 1.54676618e-05, 1.38890609e-05,
       2.03249570e-10, 9.88625629e-07, -1.14828555e-11, 2.66968310e-01,
       1.73697267e-02, 2.18946137e-03, 1.45964092e-03, 1.29908044e-02,
       1.45964092e-04, 0., 0., 1., 2.90468540e-02, 1.05094146e-02,
       5.69259934e-03, 2.30331331e-01, 1.89753324e-02, 7.29820458e-03,
       3.79506638e-03, 8.28300565e-02, -2.64442991e-04, -3.95948184e-04,
       4.92527652e-05, 7.65166506e-02, 2.37996064e-04, -5.42986127e-05,
       1.59346700e-01, 4.04862330e-05, 9.98154519e-07, 7.24901028e-10,
       1.40092053e-17, 4.04375838e-12, 1.35632317e-17, 1.,
       2.11997673e-01, 3.20326164e-02, 1.63075142e-02, 1.03086777e-01,
       0., 0., 0., 1.73558533e-01, 2.91205593e-03, 1.16482237e-03,
       5.82411187e-04, 1.45020381e-01, 2.67909151e-02, 1.74723361e-02,
       9.31857899e-03, 7.79047012e-02, 3.31012096e-04, -8.65370966e-04,
       -3.40812403e-05, 8.13711509e-02, -3.27842397e-04, 3.90769237e-05,
       1.59275845e-01, 1.50117758e-05, 1.74798504e-06, 3.50038019e-11,
       -2.73759430e-19, -3.12736804e-15, 5.00624691e-21, 1.,
       1.61825731e-01, 1.14107886e-02, 5.18672215e-03, 5.75726181e-02,
       0., 0., 0., 1.13589220e-01, 1.55601674e-03, 1.03734445e-03, 0.,
       2.23029062e-01, 2.74896286e-02, 1.76348556e-02, 5.18672215e-03,
       7.56988078e-02, 3.49094189e-04, 5.69198281e-04, -1.81859534e-04,
       8.38336051e-02, -3.31571006e-04, 1.67989376e-04, 1.59532413e-01,
       6.74709008e-05, 2.31499712e-06, 4.99443098e-10, 8.53360000e-19,
       -1.48627551e-12, -1.69611482e-17, 1., 1.05351172e-01,
       1.89520624e-02, 5.57413604e-03, 1.51616499e-01, 0., 0.,
       5.57413616e-04, 1.46042362e-01, 7.80379074e-03, 3.34448181e-03,
       2.22965446e-03, 2.80936450e-01, 3.06577496e-02, 9.47603118e-03,
       8.91861785e-03, 7.57888854e-02, 1.32782618e-04, 5.83259482e-03,
       -2.93670397e-04, 8.41598138e-02, -1.81023279e-04, 2.94286408e-04,
       1.59948692e-01, 2.06149140e-04, 1.83810096e-06, 2.32754149e-09,
       -8.08909185e-17, -2.01706325e-11, -1.28972453e-16, 1.,
       5.85106388e-02, 9.45626479e-03, 4.13711602e-03, 1.34160757e-01,
       0., 0., 0., 1.74940899e-01, 1.30023640e-02, 7.09219836e-03, 0.,
       3.45153660e-01, 3.01418435e-02, 1.06382975e-02, 2.36406620e-03,
       8.27631429e-02, -3.57950601e-04, 1.33300107e-03, -2.72545643e-04,
       7.65917525e-02, 3.31278570e-04, 2.71163794e-04, 1.59354895e-01,
       4.51936576e-05, 3.01281329e-06, 7.13306358e-10, 2.86509325e-17,
       4.57504564e-12, -1.65099361e-17, 1., 2.71748155e-01,
       2.56835129e-02, 2.89975144e-02, 1.20132565e-01, 0., 0., 0.,
       4.18392718e-01, 8.28500430e-04, 8.28500430e-04, 1.65700086e-03,
       3.76139194e-01, 2.98260152e-02, 2.15410106e-02, 8.28500465e-03,
       7.63224810e-02, 1.63492950e-04, -3.54253966e-03, 2.65972747e-04,
       8.32346454e-02, -1.97626185e-04, -2.76492705e-04, 1.59557119e-01,
       9.79764445e-05, 1.72645673e-06, 1.27574695e-09, -5.97625684e-17,
       -1.23764696e-11, 3.62026638e-18, 1., 1.83144256e-01,
       1.08049707e-02, 4.86223679e-03, 4.26796339e-02, 5.40248526e-04,
       0., 0., 1.51809841e-01, 2.16099410e-03, 3.24149104e-03,
       2.70124269e-03, 1.98811457e-01, 3.07941660e-02, 8.64397641e-03,
       3.78173962e-03, 7.28728175e-02, 4.51165288e-05, -4.42564348e-03,
       -8.00180424e-04, 8.76376778e-02, 1.60548065e-04, 9.27210669e-04,
       1.60510495e-01, 2.96346407e-04, 1.12644893e-05, 5.84346118e-08,
       -4.62710755e-14, -8.48757897e-10, -1.03248751e-14, 4.69314083e-02,
       3.61010842e-02, 0., 0., 3.61010828e-03, 0., 0., 0.,
       5.77617325e-02, 5.66787004e-01, 1., 2.96028882e-01,
       7.22021656e-03, 0., 0., 0., 7.89085850e-02, -5.12313331e-04,
       2.80049397e-03, -2.86572613e-04, 8.04963931e-02, 5.14237385e-04,
       3.17995204e-04, 1.59404978e-01, 3.38921855e-05, 5.61013803e-06,
       9.91081994e-10, 4.78266334e-17, 2.23916025e-12, 5.63381929e-17,
       2.68817209e-02, 8.06451589e-03, 0., 0., 2.68817204e-03, 0., 0.,
       0., 1.34408604e-02, 2.68817216e-01, 1., 8.60215053e-02,
       5.37634408e-03, 0., 0., 0., 8.15564096e-02, -6.35346805e-05,
       -4.61056316e-03, -1.27343554e-03, 7.82201365e-02, 2.31394355e-04,
       1.18496642e-03, 1.59776539e-01, 9.61598998e-05, 2.56268959e-05,
       3.60036587e-08, 3.33680430e-14, 3.41768336e-10, 9.08773772e-15,
       1.10497242e-02, 0., 0., 0., 0., 0., 0., 0., 0., 1.16022103e-01,
       1., 1.60220996e-01, 2.76243105e-03, 0., 0., 0., 7.98326954e-02,
       -6.21167070e-04, -2.20911531e-03, -1.42816716e-04, 7.94875473e-02,
       6.50442671e-04, 3.37610509e-05, 1.59320250e-01, 1.96398887e-05,
       6.83137023e-06, 1.27501982e-08, 2.15262582e-15, 2.44027906e-11,
       -3.08643009e-15, 4.85436898e-03, 0., 0., 0., 0., 0., 0., 0.,
       1.21359229e-02, 1.14077672e-01, 1., 9.70873795e-03,
       4.85436898e-03, 0., 0., 0., 8.16497579e-02, 5.28254372e-04,
       -1.02189102e-03, -3.09276220e-04, 7.78550878e-02, -4.20431519e-04,
       3.08082002e-04, 1.59504846e-01, 1.85765784e-05, 4.72996044e-06,
       1.16271845e-08, 2.29388783e-15, 4.46368532e-11, 1.47413802e-15,
       2.73224036e-03, 5.46448072e-03, 0., 0., 0., 0., 0., 0.,
