%YAML:1.0
classnames:
   - bottle_500ml
   - bottle_500ml_cap
   - pipette
   - pipette_tips_box
   - trash_box
   - tube_15ml_cap_blue
   - tube_15ml_cap_red
   - tubes_rack
descriptors: !!opencv-matrix
   rows: 73
   cols: 30
   dt: f
   data: [ 9.36764255e-02, -1.57646940e-03, 3.94939855e-02,
       -1.79493323e-03, 9.03873444e-02, -1.50751276e-03, -8.17722699e-04,
       1.84063762e-01, 6.24991721e-03, 2.95375139e-05, 1.63369168e-05,
       3.58652413e-10, 1.28170393e-06, -1.26118213e-11, 1.38624087e-01,
       2.37739738e-02, 1.83760189e-03, 0., 3.56035354e-03, 0., 0., 0.,
       1., 3.16986330e-02, 6.66130707e-03, 4.01975401e-03,
       3.63270909e-01, 2.38888245e-02, 9.64741036e-03, 6.08705636e-03,
       1.07248515e-01, -3.79799027e-03, 1.60778705e-02, 8.35042956e-05,
       7.55505413e-02, -1.41921779e-03, -1.55218027e-03, 1.82799056e-01,
       2.03875313e-03, 3.46099273e-06, 2.93762678e-05, -2.60241551e-10,
       1.28720205e-06, 1.41466963e-10, 1.73926666e-01, 1.70792844e-02,
       4.70072060e-04, 0., 5.79755520e-03, 0., 0., 0., 9.99999940e-01,
       2.50705108e-02, 9.08805989e-03, 3.76057648e-03, 4.44688171e-01,
       2.99279206e-02, 6.89439010e-03, 3.29050445e-03, 1.07467666e-01,
       -4.41466458e-03, -1.80613268e-02, 1.14921574e-03, 7.79659078e-02,
       -1.67092413e-03, 1.96920964e-03, 1.85433567e-01, 2.17519957e-03,
       2.54351039e-06, 4.67589671e-05, 4.38784065e-10, 2.17671936e-06,
       2.59810312e-10, 1.84536234e-01, 2.49156076e-02, 1.60745854e-04,
       3.21491709e-04, 3.85790039e-03, 0., 0., 0., 9.99999940e-01,
       2.66838111e-02, 9.32325982e-03, 3.69715458e-03, 4.69538629e-01,
       2.34688949e-02, 7.07281753e-03, 2.57193367e-03, 7.73243904e-02,
       -6.29785878e-04, -3.79045606e-02, 1.82986399e-03, 1.09385774e-01,
       -2.32143095e-03, 1.66284130e-03, 1.86710164e-01, 6.77495543e-03,
       5.47700001e-05, 2.09086702e-05, 7.07524095e-10, 1.67471217e-06,
       -6.75070893e-12, 5.63430309e-01, 6.07239492e-02, 2.19891733e-03,
       0., 2.41880920e-02, 0., 0., 0., 9.99999940e-01, 1.40392417e-02,
       9.13396478e-03, 8.11907928e-03, 7.30548024e-01, 2.67253034e-02,
       6.08930970e-03, 3.21380235e-03, 1.05813205e-01, -2.10945541e-03,
       -4.09694016e-02, 2.43666279e-03, 7.95676783e-02, -1.01915398e-03,
       -5.19498717e-04, 1.85380891e-01, 7.40279583e-03, 6.21995860e-05,
       1.34637148e-05, 3.89276444e-10, 1.14337786e-06, 1.63553771e-11,
       2.84548700e-01, 1.75930653e-02, 2.93217762e-03, 6.37429883e-04,
       3.09790932e-02, 0., 0., 0., 1., 2.26925053e-02, 8.03161692e-03,
       6.50178501e-03, 2.75242239e-01, 1.61907189e-02, 7.13921525e-03,
       1.52983179e-03, 1.11765593e-01, -2.50789989e-03, 4.48391996e-02,
       -2.61764112e-03, 7.75908530e-02, -9.67773143e-04, 6.81662117e-04,
       1.89356446e-01, 9.21012741e-03, 7.29955063e-05, 1.58283183e-05,
       5.35723577e-10, 1.49161519e-06, -4.96804126e-11, 2.08942071e-01,
       1.63727961e-02, 1.88916875e-03, 6.29722956e-04, 2.04030219e-02,
       2.51889171e-04, 0., 0., 1., 4.31989916e-02, 1.07052894e-02,
       3.27455928e-03, 2.86901772e-01, 2.17884127e-02, 6.42317394e-03,
       1.51133502e-03, 7.84781724e-02, 5.60997112e-04, 7.03655416e-04,
       -1.78741291e-04, 8.22728649e-02, -2.64480070e-04, 7.03463738e-04,
       1.60751030e-01, 1.63802051e-05, 3.37132565e-06, 3.63256021e-07,
       -2.88898571e-13, 1.14909249e-09, -2.79529573e-13, 2.08264470e-01,
       5.04958689e-01, 1., 7.24793375e-01, 1.65289256e-03, 0., 0., 0.,
       2.47933879e-03, 4.95867757e-03, 3.30578513e-03, 0.,
       2.89256200e-02, 1.98347103e-02, 1.23966942e-02, 8.26446246e-03,
       7.62535483e-02, 4.16065013e-04, 6.28935173e-03, -2.30087942e-04,
       8.47602412e-02, -3.59501020e-04, 5.71838464e-04, 1.61013782e-01,
       2.30587539e-04, 3.82663620e-06, 1.19992919e-07, 1.68855459e-14,
       1.45262058e-09, -7.95369968e-14, 2.55611867e-01, 2.71542370e-01,
       5.95944941e-01, 1., 7.96524249e-03, 1.44822593e-03, 0.,
       7.24112964e-04, 1.59304850e-02, 6.51701679e-03, 7.24112964e-04,
       0., 6.15496002e-02, 2.46198401e-02, 9.41346865e-03,
       6.51701679e-03, 7.26250261e-02, 5.14549320e-04, 3.09483870e-03,
       1.59058676e-04, 9.06918943e-02, -2.28537989e-04, 7.37021619e-04,
       1.63316920e-01, 3.64723906e-04, 1.50791163e-06, 8.84762358e-07,
       -6.68971334e-13, 1.62017511e-08, -7.72561214e-13, 7.63819098e-01,
       1., 6.31155789e-01, 8.32160771e-01, 5.02512557e-03, 0., 0., 0.,
       9.04522650e-03, 1.00502511e-03, 0., 0., 7.13567808e-02,
       2.31155772e-02, 1.60804018e-02, 5.02512557e-03, 7.86016062e-02,
       2.42328733e-05, 5.36524737e-03, -4.03633574e-04, 8.10409710e-02,
       -7.89757323e-05, 4.17448871e-04, 1.59642577e-01, 1.21094025e-04,
       2.71972704e-06, 3.18764326e-09, -2.32612082e-16, -2.30753628e-11,
       -1.84345339e-16, 2.58302577e-02, 7.93357939e-02, 1.59594104e-01,
       1., 1.84501847e-03, 1.84501847e-03, 0., 0., 4.61254641e-03,
       1.38376385e-03, 0., 4.61254618e-04, 9.22509283e-03,
       1.15313651e-02, 6.45756442e-03, 2.76752771e-03, 8.06047916e-02,
       4.63430115e-05, 2.70381174e-03, -4.22342651e-04, 7.92627409e-02,
       5.74202431e-06, 6.37480523e-04, 1.59867525e-01, 3.10434916e-05,
       3.62800029e-06, 4.89971548e-08, 1.54230673e-14, 6.27147639e-11,
       -1.37435543e-14, 1.16077863e-01, 2.31434748e-01, 6.83489561e-01,
       1., 7.20980519e-04, 7.20980519e-04, 0., 7.20980519e-04,
       5.76784415e-03, 1.44196104e-03, 7.20980519e-04, 0.,
       1.51405912e-02, 1.51405912e-02, 4.32588300e-03, 5.04686357e-03,
       7.17540011e-02, 4.31909139e-04, 5.84174274e-03, -8.04780029e-06,
       8.98795128e-02, -4.19263612e-04, 1.59580391e-04, 1.61633521e-01,
       4.65037767e-04, 2.88884030e-06, 2.31220376e-08, -8.42576601e-16,
       4.58077770e-10, -5.91616854e-15, 4.00745571e-01, 6.14165902e-01,
       8.35973918e-01, 1., 1.86393298e-02, 0., 0., 0., 2.32991613e-02,
       2.79589929e-03, 1.86393294e-03, 0., 7.73532167e-02,
       3.54147255e-02, 1.11835971e-02, 6.52376516e-03, 7.50539154e-02,
       3.74450174e-04, 4.21258807e-03, -1.04248029e-04, 8.55889842e-02,
       -4.00511432e-04, 4.04916325e-04, 1.60642892e-01, 1.81971234e-04,
       2.99876365e-06, 9.10806079e-08, 3.01779950e-14, 8.13193846e-10,
       -3.68114217e-14, 3.54585171e-01, 6.41921401e-01, 6.37554586e-01,
       1., 1.74672494e-03, 1.74672494e-03, 0., 1.74672494e-03,
       6.98689977e-03, 2.62008747e-03, 2.62008747e-03, 4.36681230e-03,
       3.75545844e-02, 1.83406118e-02, 1.31004369e-02, 5.24017494e-03,
       1.02302217e+00, 5.36025226e-01, 3.45172286e-02, 3.00714113e-02,
       1.12798652e-02, -4.89503518e-03, -3.86069762e-04, 1.03430200e+00,
       1.02838814e+00, 3.11490268e-01, 2.82980472e-01, 8.40141922e-02,
       2.86697060e-01, 3.73331364e-04, 9.99999940e-01, 1.65167630e-01,
       3.58135737e-02, 9.81193874e-03, 4.66067046e-02, 3.27064656e-04,
       0., 6.54129195e-04, 7.89861009e-02, 2.81275567e-02,
       2.68192980e-02, 3.23793925e-02, 1.77923143e-01, 4.72608320e-02,
       1.17743257e-02, 9.15780943e-03, 1.02667582e+00, 5.35305083e-01,
       2.77334843e-02, 2.88558938e-02, 1.10700279e-02, -5.38934814e-03,
       -2.26645148e-04, 1.03774583e+00, 1.03453171e+00, 3.11655849e-01,
       2.81630307e-01, 8.34352076e-02, 2.86043495e-01, 4.85174125e-04,
       1., 1.76605880e-01, 4.41925414e-02, 9.36421938e-03,
       4.71496619e-02, 3.28569091e-04, 0., 3.28569091e-04,
       8.64136741e-02, 1.97141450e-02, 2.57926732e-02, 3.71283069e-02,
       1.54427469e-01, 5.73353060e-02, 1.75784454e-02, 1.23213409e-02,
       1.06247318e+00, 5.60138524e-01, -3.10800131e-02, -3.44696641e-03,
       1.07804434e-02, -6.60144677e-03, 8.06961092e-04, 1.07325363e+00,
       1.10992157e+00, 3.36458027e-01, 3.06410283e-01, 9.83818993e-02,
       3.22416484e-01, 4.83262702e-04, 1., 9.81410146e-02,
       8.87623522e-03, 2.00971356e-03, 1.49053754e-02, 1.00485678e-03,
       0., 5.02428389e-04, 1.11874051e-01, 2.39490867e-02,
