%YAML:1.0
classnames:
   - bottle_500ml
   - bottle_500ml_cap
   - lid_10ml_blue
   - lid_10ml_red
   - pipette
   - pipette_tips_box
   - trash_box
   - tubes_rack
descriptors: !!opencv-matrix
   rows: 72
   cols: 78
   dt: f
   data: [ 9.36764255e-02, -1.57646940e-03, 3.94939855e-02,
       -1.79493323e-03, 9.03873444e-02, -1.50751276e-03, -8.17722699e-04,
       1.84063762e-01, 6.24991721e-03, 2.95375139e-05, 1.63369168e-05,
       3.58652413e-10, 1.28170393e-06, -1.26118213e-11, 1.00480467e-01,
       1.17192395e-01, 3.48861516e-02, 6.68477127e-03, 2.50678929e-03,
       2.08899102e-04, 0., 0., 2.46500932e-02, 9.81825776e-03,
       2.08899102e-04, 1.46229367e-03, 6.26697321e-04, 0., 0., 0.,
       2.29789014e-03, 0., 0., 0., 0., 0., 0., 0., 4.17798199e-03, 0.,
       0., 0., 0., 0., 0., 0., 1.35784419e-02, 2.65301857e-02,
       4.59578028e-03, 1.04449550e-03, 2.08899102e-04, 0.,
       2.08899102e-04, 0., 7.78775871e-01, 1., 4.07353267e-02,
       1.12805516e-02, 6.68477127e-03, 5.22247748e-03, 3.13348649e-03,
       3.96908307e-03, 2.96010017e-01, 1.43304780e-01, 1.58763323e-02,
       5.43137686e-03, 3.34238564e-03, 1.88009196e-03, 1.25339464e-03,
       2.92458734e-03, 1.27637357e-01, 9.40045938e-02, 1.23250466e-02,
       9.60935839e-03, 6.47587236e-03, 5.84917469e-03, 3.55128478e-03,
       3.34238564e-03, 1.07248515e-01, -3.79799027e-03, 1.60778705e-02,
       8.35042956e-05, 7.55505413e-02, -1.41921779e-03, -1.55218027e-03,
       1.82799056e-01, 2.03875313e-03, 3.46099273e-06, 2.93762678e-05,
       -2.60241551e-10, 1.28720205e-06, 1.41466963e-10, 1.39376655e-01,
       6.43108040e-02, 1.77787542e-02, 2.41439859e-03, 4.38981573e-04,
       2.19490787e-04, 0., 0., 4.87269536e-02, 3.95083427e-03,
       5.92625141e-03, 4.38981573e-04, 0., 0., 0., 0., 3.51185258e-03,
       6.58472360e-04, 0., 0., 0., 0., 0., 0., 3.95083427e-03, 0., 0.,
       0., 0., 0., 0., 0., 2.19490789e-02, 7.90166855e-03,
       2.19490787e-04, 0., 0., 0., 0., 0., 1., 3.73353839e-01,
       2.45829672e-02, 9.87708569e-03, 6.14574179e-03, 6.58472348e-03,
       3.95083427e-03, 1.53643545e-03, 3.93766463e-01, 6.97980672e-02,
       2.61194035e-02, 8.34065024e-03, 5.04828803e-03, 2.41439859e-03,
       1.75592629e-03, 2.41439859e-03, 1.24012291e-01, 5.26777878e-02,
       9.65759438e-03, 3.29236174e-03, 1.97541714e-03, 6.58472360e-04,
       2.19490787e-04, 8.77963146e-04, 1.07467666e-01, -4.41466458e-03,
       -1.80613268e-02, 1.14921574e-03, 7.79659078e-02, -1.67092413e-03,
       1.96920964e-03, 1.85433567e-01, 2.17519957e-03, 2.54351039e-06,
       4.67589671e-05, 4.38784065e-10, 2.17671936e-06, 2.59810312e-10,
       1.65751636e-01, 4.60130721e-02, 1.46405231e-02, 4.18300647e-03,
       0., 0., 0., 2.61437905e-04, 5.75163402e-02, 1.25490194e-02,
       7.32026156e-03, 3.39869270e-03, 0., 0., 0., 0., 3.39869270e-03,
       0., 0., 0., 0., 0., 0., 0., 2.61437893e-03, 0., 0., 0., 0., 0.,
       0., 0., 8.62745102e-03, 6.79738540e-03, 0., 7.84313714e-04, 0.,
       2.61437905e-04, 0., 0., 1., 6.12026155e-01, 2.69281045e-02,
       1.46405231e-02, 9.41176433e-03, 8.62745102e-03, 3.13725485e-03,
       4.96732024e-03, 5.25490165e-01, 6.30065352e-02, 3.05882357e-02,
       1.28104575e-02, 9.41176433e-03, 3.66013078e-03, 3.39869270e-03,
       1.83006539e-03, 1.47973850e-01, 2.14379076e-02, 4.44444455e-03,
       2.87581701e-03, 1.04575162e-03, 0., 0., 1.04575162e-03,
       7.73243904e-02, -6.29785878e-04, -3.79045606e-02, 1.82986399e-03,
       1.09385774e-01, -2.32143095e-03, 1.66284130e-03, 1.86710164e-01,
       6.77495543e-03, 5.47700001e-05, 2.09086702e-05, 7.07524095e-10,
       1.67471217e-06, -6.75070893e-12, 5.06262541e-01, 1.42284572e-01,
       3.80761512e-02, 8.01603217e-03, 2.25450913e-03, 2.50501005e-04,
       0., 0., 1.20741487e-01, 6.51302636e-02, 3.75751518e-02,
       6.26252498e-03, 7.51503045e-04, 0., 0., 0., 1.60320643e-02,
       2.50501005e-04, 0., 0., 0., 0., 0., 0., 1.95390787e-02, 0., 0.,
       0., 0., 0., 0., 0., 1.16482966e-01, 6.76352680e-02,
       1.00200402e-03, 7.51503045e-04, 2.50501005e-04, 2.50501005e-04,
       0., 2.50501005e-04, 1., 2.96843678e-01, 1.40280565e-02,
       5.01001999e-03, 5.01001999e-03, 8.01603217e-03, 4.50901827e-03,
       7.26452935e-03, 5.26052117e-01, 5.98697402e-02, 1.10220443e-02,
       5.26052108e-03, 3.50701413e-03, 1.25250500e-03, 2.25450913e-03,
       2.25450913e-03, 4.47895795e-01, 4.80961949e-02, 1.40280565e-02,
       9.26853716e-03, 4.00801608e-03, 2.50501005e-04, 2.50501005e-04,
       0., 1.05813205e-01, -2.10945541e-03, -4.09694016e-02,
       2.43666279e-03, 7.95676783e-02, -1.01915398e-03, -5.19498717e-04,
       1.85380891e-01, 7.40279583e-03, 6.21995860e-05, 1.34637148e-05,
       3.89276444e-10, 1.14337786e-06, 1.63553771e-11, 2.50286371e-01,
       7.57922828e-02, 1.24093164e-02, 2.67277588e-03, 2.10003811e-03,
       1.90912557e-04, 5.72737656e-04, 3.81825113e-04, 8.87743384e-02,
       1.12638408e-02, 9.54562798e-03, 1.71821297e-03, 1.14547531e-03,
       9.54562798e-04, 0., 0., 2.61550210e-02, 0., 0., 0., 0., 0., 0.,
       0., 2.02367306e-02, 0., 0., 0., 0., 0., 0., 0., 6.41466156e-02,
       3.64643000e-02, 7.63650227e-04, 0., 0., 0., 0., 0., 1.,
       3.96907210e-01, 2.25276817e-02, 1.06911035e-02, 6.68193959e-03,
       5.34555176e-03, 4.96372627e-03, 4.77281399e-03, 2.31386021e-01,
       4.75372262e-02, 1.31729664e-02, 4.58190124e-03, 3.43642593e-03,
       3.24551342e-03, 5.72737656e-04, 9.54562798e-04, 1.15120269e-01,
       1.81366932e-02, 3.43642593e-03, 3.05460091e-03, 1.90912560e-03,
       2.10003811e-03, 3.81825113e-04, 3.81825113e-04, 1.26765862e-01,
       -3.77794961e-03, 2.09117495e-03, -1.19861568e-06, 5.54408059e-02,
       5.15111169e-05, 5.33257335e-05, 1.82206661e-01, 5.10475552e-03,
       1.54676618e-05, 1.38890609e-05, 2.03249570e-10, 9.88625629e-07,
       -1.14828555e-11, 2.05377266e-01, 2.46313959e-02, 1.04076322e-02,
       3.29575012e-03, 1.04076322e-03, 6.93842128e-04, 3.46921064e-04,
       1.04076322e-03, 7.52818733e-02, 1.31830005e-02, 5.37727633e-03,
       2.60190805e-03, 8.67302646e-04, 1.73460532e-04, 0.,
       3.46921064e-04, 5.20381611e-03, 1.73460532e-04, 0., 0., 0., 0.,
       0., 0., 1.02341715e-02, 1.73460532e-04, 1.73460532e-04, 0., 0.,
       0., 0., 0., 5.34258448e-02, 8.15264508e-03, 6.93842128e-04,
       1.73460532e-04, 1.73460532e-04, 1.73460532e-04, 0., 0.,
       9.99999940e-01, 1.30442321e-01, 2.28967909e-02, 1.04076322e-02,
       7.97918439e-03, 4.68343450e-03, 3.12228967e-03, 3.98959219e-03,
       1.80745870e-01, 2.51517780e-02, 1.12749347e-02, 6.93842117e-03,
       3.64267128e-03, 3.29575012e-03, 2.25498690e-03, 2.94882897e-03,
       6.29661754e-02, 9.88725014e-03, 3.81613174e-03, 2.60190805e-03,
       1.73460529e-03, 6.93842128e-04, 1.73460532e-04, 8.67302646e-04,
       8.28300565e-02, -2.64442991e-04, -3.95948184e-04, 4.92527652e-05,
       7.65166506e-02, 2.37996064e-04, -5.42986127e-05, 1.59346700e-01,
       4.04862330e-05, 9.98154519e-07, 7.24901028e-10, 1.40092053e-17,
       4.04375838e-12, 1.35632317e-17, 7.99013555e-01, 2.12083846e-01,
       2.57706523e-01, 1.19605422e-01, 2.83600483e-02, 1.84956845e-02,
       1.23304557e-02, 1.84956845e-02, 1., 8.38470981e-02,
       4.19235490e-02, 2.09617745e-02, 1.23304557e-02, 4.93218238e-03,
       0., 6.16522785e-03, 1.40567198e-01, 0., 0., 0., 0., 0., 0., 0.,
       7.76818693e-02, 0., 0., 0., 0., 0., 0., 0., 1.54130697e-01, 0.,
       0., 0., 0., 0., 0., 0., 2.12083846e-01, 2.46609119e-03,
       3.69913690e-03, 1.23304559e-03, 0., 2.46609119e-03, 0.,
       1.23304559e-03, 1.28236741e-01, 3.57583240e-02, 1.60295926e-02,
       6.16522785e-03, 1.10974107e-02, 4.93218238e-03, 4.93218238e-03,
       3.69913690e-03, 1.04808874e-01, 2.83600483e-02, 1.72626376e-02,
       9.86436475e-03, 8.63131881e-03, 4.93218238e-03, 4.93218238e-03,
       7.39827380e-03, 7.79047012e-02, 3.31012096e-04, -8.65370966e-04,
