%YAML:1.0
classnames:
   - big_test_tube
   - bottle_500ml
   - pipette
   - pipette_50ml_rack
   - pipette_tips_box
   - small_cap
   - small_test_tube
descriptors: !!opencv-matrix
   rows: 54
   cols: 16
   dt: f
   data: [ 1.99420303e-01, 1.91223761e-03, -1.37262255e-01,
       -2.34217220e-03, 1.29334331e-01, 1.33896503e-03, 3.46287474e-04,
       3.28754634e-01, 8.02757442e-02, 5.87878239e-05, 1.45538743e-05,
       4.17461371e-10, 4.02443266e-06, 8.33855762e-11, 0., 0.,
       1.86736763e-01, 2.04406353e-03, 1.37279302e-01, 2.33744830e-03,
       1.36664063e-01, 1.44194055e-03, -6.62313250e-05, 3.23400825e-01,
       7.78897032e-02, 5.53126629e-05, 1.73106509e-05, 5.29613686e-10,
       4.69781844e-06, -8.01995206e-11, 0., 0., 2.16806438e-02,
       -6.97543583e-05, 4.25168918e-03, -1.38645049e-03, 3.12282115e-01,
       3.58319085e-04, 9.87162255e-03, 3.33962768e-01, 8.45215246e-02,
       1.98178590e-04, 7.20814132e-05, 8.61333493e-09, 2.09402097e-05,
       -1.77293680e-10, 0., 0., 1.58096597e-01, -6.38808182e-04,
       -1.35348827e-01, 3.04194517e-03, 1.60267964e-01, -2.96936231e-03,
       4.17583011e-04, 3.18364561e-01, 7.32819289e-02, 1.44214631e-04,
       2.49872301e-05, 1.49892787e-09, 6.75572210e-06, 5.58367727e-11,
       0., 0., 2.48637289e-01, -4.38129902e-03, -8.48888010e-02,
       2.75937631e-03, 5.71018979e-02, 4.36165254e-04, -1.36541622e-03,
       3.05739194e-01, 6.55102357e-02, 1.25371720e-04, 1.75072037e-05,
       8.20064572e-10, 4.47623052e-06, 1.54368324e-11, 0., 0.,
       1.12614200e-01, -2.22492425e-04, 1.30693316e-01, -2.55031232e-03,
       2.11572170e-01, -4.49161092e-03, -4.14958596e-03, 3.24186385e-01,
       7.81156495e-02, 1.87883968e-04, 6.71114030e-05, 7.53557128e-09,
       1.87542446e-05, -7.78464584e-11, 0., 0., 2.78764069e-01,
       -7.44856009e-03, -2.74141412e-02, 1.04068115e-03, 2.73989867e-02,
       1.48895197e-03, -4.58503171e-04, 3.06163043e-01, 6.61905408e-02,
       1.54797453e-04, 3.58558609e-05, 2.67129652e-09, 9.22297932e-06,
       -5.93808314e-13, 0., 0., 2.88537383e-01, 2.99579208e-03,
       4.93113464e-03, -1.11303452e-04, 2.31332071e-02, -6.27836329e-04,
       -4.04522943e-05, 3.11670601e-01, 7.05366433e-02, 2.38936973e-05,
       5.63024469e-06, 6.47354462e-11, 1.47497803e-06, -8.59031596e-12,
       0., 0., 2.18525417e-02, 1.24889193e-04, -9.30627156e-03,
       -1.36715616e-03, 3.14637780e-01, -2.44868861e-04, 8.14626087e-03,
       3.36490303e-01, 8.60696137e-02, 1.50745604e-04, 4.59706534e-05,
       3.82631571e-09, 1.34813763e-05, -6.49436199e-11, 0., 0.,
       2.73936421e-01, -6.76261634e-02, 1.12819963e-03, -1.54098775e-02,
       6.44688159e-02, 4.31410596e-03, -2.02453579e-03, 3.38405252e-01,
       4.38817702e-02, 8.44537094e-03, 4.31237556e-03, 2.48287997e-05,
       7.80945236e-04, 7.79814309e-06, 0., 0., 2.20689237e-01,
       2.82942764e-02, 6.07536966e-03, -1.00274496e-02, 8.84116814e-02,
       1.07829515e-02, -6.38670335e-03, 3.09100926e-01, 1.76449921e-02,
       5.77923201e-04, 1.79645419e-03, 1.56311501e-06, 1.50765525e-04,
       9.52491860e-07, 0., 0., 2.25917235e-01, 2.86735147e-02,
       -1.70229543e-02, 9.20583773e-03, 8.44822600e-02, 6.67561404e-03,
       7.02426955e-03, 3.10399503e-01, 2.11629737e-02, 4.98846639e-04,
       1.51297729e-03, 1.30527224e-06, 1.00409663e-04, 1.54752385e-07,
       0., 0., 2.47305840e-01, -7.91127384e-02, -1.91723108e-02,
       3.54414992e-03, 7.37123340e-02, 3.68470233e-03, 5.63453417e-04,
       3.21018189e-01, 3.16050164e-02, 8.23144522e-03, 5.70626091e-03,
       3.90551286e-05, 1.00847252e-03, -2.03272134e-06, 0., 0.,
       1.95755497e-01, -3.47351804e-02, -1.25653418e-02, 4.44805250e-03,
       7.61108398e-02, 1.57227460e-03, -2.04036638e-04, 2.71866322e-01,
       1.49463955e-02, 1.74001441e-03, 1.11779012e-03, 1.55686337e-06,
       1.36501592e-04, -7.95583119e-08, 0., 0., 2.93808371e-01,
       -1.22503005e-01, -1.14199696e-02, 2.06154189e-03, 7.97101408e-02,
       2.36781174e-03, -6.75768897e-05, 3.73518497e-01, 4.63597104e-02,
       1.68369189e-02, 1.44364396e-02, 2.25071708e-04, 3.10005597e-03,
       -3.56945350e-07, 0., 0., 1.04179287e+00, 5.38026989e-01,
       3.19813490e-02, 1.66277494e-02, 1.17543582e-02, -6.48026727e-03,
       -7.08521635e-04, 1.05354726e+00, 1.06507063e+00, 3.13329875e-01,
       2.82795340e-01, 8.41800496e-02, 2.91850507e-01, -5.76719685e-05,
       0., 0., 4.01420504e-01, 1.01252943e-01, 5.37474871e-01,
       1.60160989e-01, 7.48174250e-01, 2.36393541e-01, 3.31664205e-01,
       1.14959466e+00, 1.27575517e+00, 3.91723096e-01, 3.55897158e-01,
       1.32882729e-01, 4.01364118e-01, 7.99003697e-04, 0., 0.,
       1.36788636e-02, -1.57203560e-03, 6.61462843e-02, -5.98433381e-03,
       1.12063849e+00, 2.14366727e-02, 5.76106369e-01, 1.13431740e+00,
       1.24286103e+00, 3.57246965e-01, 3.25433731e-01, 1.10961013e-01,
       3.62364888e-01, 6.61785190e-04, 0., 0., 2.77773708e-01,
       -7.11877868e-02, -4.28030223e-01, 1.20186798e-01, 7.02497602e-01,
       -1.89216942e-01, 2.72742212e-01, 9.80271280e-01, 9.13229883e-01,
       2.54187584e-01, 2.22203836e-01, 5.28059751e-02, 2.11958885e-01,
       5.24798059e-04, 0., 0., 7.84649789e-01, -3.62682700e-01,
       -1.17072441e-01, 6.00392967e-02, 3.32453847e-02, -8.54695914e-04,
       -2.33004498e-03, 8.17895174e-01, 6.19432390e-01, 1.62972659e-01,
       1.35489792e-01, 2.01332923e-02, 1.06627204e-01, -6.74517942e-05,
       0., 0., 4.02506500e-01, -1.21296719e-01, 4.61595744e-01,
       -1.49857417e-01, 5.57958007e-01, -1.73881635e-01, -1.87863439e-01,
       9.60464537e-01, 8.76447678e-01, 2.28770196e-01, 2.01185644e-01,
       4.31608148e-02, 1.88247561e-01, -2.18901914e-04, 0., 0.,
       1.18389390e-02, 3.74208379e-04, 4.98358607e-02, 4.10826504e-03,
       1.12033165e+00, -3.76816653e-02, -5.68316638e-01, 1.13217056e+00,
       1.23869050e+00, 3.50008428e-01, 3.19722950e-01, 1.06953293e-01,
       3.55520874e-01, -5.53695136e-04, 0., 0., 4.69520092e-01,
       1.37186185e-01, -5.49340189e-01, -1.82687014e-01, 6.67159498e-01,
       2.29267195e-01, -2.74410814e-01, 1.13667965e+00, 1.24615991e+00,
       3.78061771e-01, 3.43226522e-01, 1.23636819e-01, 3.82822871e-01,
       -5.82416367e-04, 0., 0., 4.80497517e-02, -2.79422384e-04,
       -2.14200886e-03, 8.08718556e-04, 1.50274754e-01, -1.53781252e-03,
       -2.70513864e-03, 1.98324502e-01, 1.04683023e-02, 4.51138658e-05,
       6.89875151e-06, -2.44307352e-12, 5.33388722e-10, -1.21681137e-10,
       0., 0., 9.43794549e-02, 4.12588328e-04, 6.20989166e-02,
       -1.02240033e-03, 1.13789782e-01, -1.96349947e-03, -8.15215171e-04,
       2.08169237e-01, 1.58018619e-02, 4.48003484e-05, 5.78215668e-06,
       9.14050710e-11, 7.26779604e-07, -1.74863336e-11, 0., 0.,
       2.48609290e-01, -2.06396100e-03, 4.52274606e-02, 4.69796178e-05,
       3.61582898e-02, 1.43149041e-03, 6.78035838e-04, 2.84767568e-01,
       5.33175208e-02, 4.07181324e-05, 9.25666484e-07, -4.99563932e-12,
       -1.09646237e-07, -2.70920569e-12, 0., 0., 1.15116082e-01,
       1.04651158e-03, -7.30774403e-02, 1.54561992e-03, 1.05933338e-01,
       -2.11570063e-03, 3.66035500e-04, 2.21049428e-01, 2.14455724e-02,
       7.29054591e-05, 4.79759183e-06, 7.57932744e-11, 5.74397859e-07,
       -4.80209518e-11, 0., 0., 5.47223799e-02, 7.81319162e-04,
       -3.20535749e-02, -8.85035028e-04, 1.46268845e-01, -1.69023324e-03,
       3.20524303e-03, 2.00991228e-01, 1.24904839e-02, 6.85898049e-05,
       6.20949004e-06, 1.21007759e-10, 6.87586578e-07, 4.21802558e-11,
       0., 0., 1.11263037e-01, -1.76693371e-03, 6.90871179e-02,
       -1.23751618e-03, 1.05115540e-01, 1.73624321e-05, 1.86232815e-03,
       2.16378570e-01, 1.91299133e-02, 3.43880893e-05, 3.45138983e-06,
       -2.46124596e-11, -2.85673650e-07, -2.84259335e-11, 0., 0.,
       2.93806046e-01, 7.40085452e-05, 4.29326342e-03, -7.08190128e-05,
       2.44221017e-02, 1.42258464e-03, -1.29363725e-05, 3.18228155e-01,
