<?xml version="1.0"?>
<opencv_storage>
<calibration_Time>"Tue Jan 21 17:10:54 2014"</calibration_Time>
<nrOfFrames>5</nrOfFrames>
<image_Width>4928</image_Width>
<image_Height>3264</image_Height>
<board_Width>6</board_Width>
<board_Height>7</board_Height>
<square_Size>108.</square_Size>
<FixAspectRatio>1.</FixAspectRatio>
<!-- flags:  +fix_aspectRatio +fix_principal_point +zero_tangent_dist -->
<flagValue>14</flagValue>
<Camera_Matrix type_id="opencv-matrix">
  <rows>3</rows>
  <cols>3</cols>
  <dt>d</dt>
  <data>
    6.4858595451511783e+03 0. 2.4635000000000000e+03 0.
    6.4858595451511783e+03 1.6315000000000000e+03 0. 0. 1.</data></Camera_Matrix>
<Distortion_Coefficients type_id="opencv-matrix">
  <rows>5</rows>
  <cols>1</cols>
  <dt>d</dt>
  <data>
    -1.0902596452680011e-01 -8.7237253671101900e-01 0. 0.
    5.2183388244228350e+00</data></Distortion_Coefficients>
<Avg_Reprojection_Error>5.9580873602913131e-01</Avg_Reprojection_Error>
<Per_View_Reprojection_Errors type_id="opencv-matrix">
  <rows>5</rows>
  <cols>1</cols>
  <dt>f</dt>
  <data>
    4.87246692e-01 4.57034677e-01 7.27309287e-01 8.48048747e-01
    2.83698380e-01</data></Per_View_Reprojection_Errors>
<!-- a set of 6-tuples (rotation vector + translation vector) for each view -->
<Extrinsic_Parameters type_id="opencv-matrix">
  <rows>5</rows>
  <cols>6</cols>
  <dt>d</dt>
  <data>
    -3.3608259993019168e-01 -9.5070518501382872e-01
    1.2955384150203744e+00 5.7309534553225819e+02
    -3.1881182061315667e+02 2.4168348659653602e+03
    8.1206256086123363e-01 1.8395137520285484e-01 1.6317544456092630e+00
    -2.0978116895965493e+02 -1.7863138131487528e+02
    2.1574017172637573e+03 3.7458248615419798e-02
    -1.0387129045758861e+00 -2.9416224415147783e+00
    2.1658416431165205e+02 2.2552021556400990e+02 1.5041075920013400e+03
    5.9468119716224976e-01 -5.2117248026471019e-01
    1.5000300889509559e+00 3.1919167072418304e+02
    -8.4995153166173623e+01 1.2945947011767328e+03
    1.4752742906662186e-01 -1.7432368745548735e-01
    1.5628532637165820e+00 3.7266774567843186e+02
    -1.6257506275813662e+02 2.0600747880293848e+03</data></Extrinsic_Parameters>
<Image_points type_id="opencv-matrix">
  <rows>5</rows>
  <cols>42</cols>
  <dt>"2f"</dt>
  <data>
    3.98502979e+03 7.84712830e+02 3.95311157e+03 1.05603723e+03
    3.92153467e+03 1.31927087e+03 3.89038062e+03 1.57408923e+03
    3.85968286e+03 1.81993384e+03 3.82941260e+03 2.05838867e+03
    3.84148120e+03 8.41467102e+02 3.81057422e+03 1.12150293e+03
    3.78037891e+03 1.39177588e+03 3.75005493e+03 1.65404907e+03
    3.72075659e+03 1.90594263e+03 3.69217896e+03 2.15046460e+03
    3.68731714e+03 9.02919128e+02 3.65785156e+03 1.19083191e+03
    3.62867676e+03 1.47009375e+03 3.60051514e+03 1.73843860e+03
    3.57270215e+03 1.99746655e+03 3.54521802e+03 2.24749707e+03
    3.52121021e+03 9.68158386e+02 3.49375635e+03 1.26584375e+03
    3.46661621e+03 1.55219116e+03 3.44035547e+03 1.82829858e+03
    3.41407422e+03 2.09435010e+03 3.38869556e+03 2.35062939e+03
    3.34275537e+03 1.03879626e+03 3.31711255e+03 1.34534460e+03
    3.29237109e+03 1.64098035e+03 3.26793579e+03 1.92468054e+03
    3.24448828e+03 2.19757446e+03 3.22112939e+03 2.45966943e+03
    3.14985645e+03 1.11446753e+03 3.12719263e+03 1.43152136e+03
    3.10520361e+03 1.73573169e+03 3.08351514e+03 2.02798267e+03
    3.06272876e+03 2.30762036e+03 3.04303247e+03 2.57583325e+03
    2.94169019e+03 1.19679382e+03 2.92225659e+03 1.52379309e+03
    2.90364844e+03 1.83761145e+03 2.88517920e+03 2.13783521e+03
    2.86819946e+03 2.42504883e+03 2.85121460e+03 2.69999561e+03
    1.83400354e+03 1.09540027e+03 1.84280713e+03 1.39683948e+03
    1.85133362e+03 1.68680859e+03 1.85999548e+03 1.96642847e+03
    1.86839783e+03 2.23463159e+03 1.87663403e+03 2.49293555e+03
    1.59776599e+03 1.03347131e+03 1.61014624e+03 1.32733691e+03
    1.62274170e+03 1.61125793e+03 1.63511768e+03 1.88482642e+03
    1.64751794e+03 2.14824341e+03 1.65933020e+03 2.40153979e+03
    1.37481042e+03 9.74710449e+02 1.39059790e+03 1.26191248e+03
    1.40654114e+03 1.53945459e+03 1.42272742e+03 1.80745691e+03
    1.43794946e+03 2.06524805e+03 1.45324158e+03 2.31435767e+03
    1.16472583e+03 9.19563354e+02 1.18359119e+03 1.19974573e+03
    1.20255042e+03 1.47114075e+03 1.22125903e+03 1.73311121e+03
    1.23954797e+03 1.98643811e+03 1.25782690e+03 2.23058105e+03
    9.66079163e+02 8.67026001e+02 9.87785767e+02 1.14102710e+03
    1.00911969e+03 1.40609888e+03 1.03056262e+03 1.66318628e+03
    1.05131580e+03 1.91084753e+03 1.07235120e+03 2.15114355e+03
    7.78881653e+02 8.17938721e+02 8.02410889e+02 1.08499146e+03
    8.26090698e+02 1.34464001e+03 8.49750549e+02 1.59565857e+03
    8.72799500e+02 1.83934094e+03 8.95492432e+02 2.07459766e+03
    6.00712402e+02 7.70811096e+02 6.26576294e+02 1.03225378e+03
    6.52194580e+02 1.28596204e+03 6.77649475e+02 1.53194556e+03
    7.02525208e+02 1.77077478e+03 7.27706787e+02 2.00197571e+03
    3.39199683e+03 2.59864478e+03 2.93075977e+03 2.58948975e+03
    2.46627417e+03 2.57808252e+03 2.00090588e+03 2.56542065e+03
    1.53675110e+03 2.55041821e+03 1.07570862e+03 2.53517334e+03
    3.35965796e+03 2.21300708e+03 2.91705420e+03 2.20226880e+03
    2.47190552e+03 2.19096875e+03 2.02561609e+03 2.17842065e+03
    1.58067419e+03 2.16520142e+03 1.13803906e+03 2.15032300e+03
    3.32887085e+03 1.85707019e+03 2.90425879e+03 1.84646106e+03
    2.47665186e+03 1.83415320e+03 2.04876245e+03 1.82275586e+03
    1.62150610e+03 1.80965149e+03 1.19661084e+03 1.79718713e+03
    3.29986499e+03 1.52999573e+03 2.89172021e+03 1.51788574e+03
    2.48149683e+03 1.50662134e+03 2.07033618e+03 1.49458264e+03
    1.66004150e+03 1.48315259e+03 1.25163879e+03 1.47056042e+03
    3.27237646e+03 1.22728113e+03 2.87999805e+03 1.21601038e+03
    2.48562695e+03 1.20384180e+03 2.09059204e+03 1.19284644e+03
    1.69632751e+03 1.18143823e+03 1.30376843e+03 1.17072546e+03
    3.24639404e+03 9.48756775e+02 2.86902954e+03 9.36270386e+02
    2.48947754e+03 9.25277283e+02 2.10945117e+03 9.13593323e+02
    1.73010059e+03 9.03333313e+02 1.35207349e+03 8.92859253e+02
    3.22228784e+03 6.90606934e+02 2.85840967e+03 6.78490234e+02
    2.49323022e+03 6.66596436e+02 2.12713330e+03 6.56229431e+02
    1.76185046e+03 6.45672852e+02 1.39759985e+03 6.36655518e+02
    4.04764209e+03 1.20877002e+03 3.97506982e+03 1.61476306e+03
    3.90812085e+03 1.98162085e+03 3.84600122e+03 2.31383276e+03
    3.78867261e+03 2.61536035e+03 3.73598022e+03 2.89021460e+03
    3.51373950e+03 1.19959265e+03 3.46786597e+03 1.60664075e+03
    3.42536157e+03 1.97443433e+03 3.38593652e+03 2.30716724e+03
    3.34943018e+03 2.60921680e+03 3.31584204e+03 2.88425269e+03
    2.97713696e+03 1.19058716e+03 2.95826904e+03 1.59821814e+03
    2.94059595e+03 1.96599597e+03 2.92430127e+03 2.29911230e+03
    2.90892505e+03 2.60094043e+03 2.89487500e+03 2.87634692e+03
    2.44120337e+03 1.18222302e+03 2.44924463e+03 1.58875073e+03
    2.45663013e+03 1.95637695e+03 2.46333545e+03 2.28890674e+03
    2.46930029e+03 2.59111719e+03 2.47456055e+03 2.86612598e+03
    1.90904688e+03 1.17410083e+03 1.94368909e+03 1.57934534e+03
    1.97566821e+03 1.94588318e+03 2.00497461e+03 2.27781519e+03
    2.03193896e+03 2.57929395e+03 2.05671631e+03 2.85421118e+03
    1.38464258e+03 1.16689172e+03 1.44487524e+03 1.56973950e+03
    1.50062720e+03 1.93490234e+03 1.55194775e+03 2.26554443e+03
    1.59917297e+03 2.56646533e+03 1.64267126e+03 2.84045630e+03
    8.69759583e+02 1.16037122e+03 9.54658142e+02 1.56054333e+03
    1.03291687e+03 1.92294006e+03 1.10528369e+03 2.25237671e+03
    1.17186292e+03 2.55220337e+03 1.23366528e+03 2.82581177e+03
    3.63055615e+03 1.12209241e+03 3.61937549e+03 1.45498535e+03
    3.60751636e+03 1.78120898e+03 3.59506250e+03 2.10057959e+03
    3.58202539e+03 2.41229614e+03 3.56862427e+03 2.71657227e+03
    3.29525952e+03 1.12189917e+03 3.28722534e+03 1.45589294e+03
    3.27878711e+03 1.78319141e+03 3.26977563e+03 2.10350415e+03
