%YAML:1.0
classnames:
   - bottle_500ml
   - pipette
   - pipette_tips_box
   - trash_box
   - tube_rack
descriptors: !!opencv-matrix
   rows: 42
   cols: 78
   dt: f
   data: [ 7.84223303e-02, -1.11660163e-03, -5.47742966e-05,
       -1.66169950e-03, 1.03213839e-01, 1.95578570e-04, -3.00640636e-03,
       1.81636170e-01, 6.14630815e-04, 6.81658094e-06, 2.26394950e-05,
       -2.79001933e-10, 5.18264756e-07, -3.54423609e-11, 4.07500893e-01,
       1.35232598e-01, 1.87522545e-02, 4.68806364e-03, 2.52434192e-03,
       1.44248107e-03, 0., 7.21240533e-04, 1.39920667e-01,
       4.68806364e-03, 7.21240533e-04, 0., 0., 0., 0., 0.,
       2.45221779e-02, 0., 0., 0., 0., 0., 0., 0., 2.81283800e-02, 0.,
       0., 0., 0., 0., 0., 0., 1.06022358e-01, 3.64226475e-02,
       1.15398485e-02, 4.68806364e-03, 0., 2.16372171e-03, 0., 0.,
       3.73963207e-01, 5.75549960e-01, 7.32059106e-02, 2.16372162e-02,
       1.26217091e-02, 6.49116468e-03, 7.21240533e-04, 0., 1.,
       2.60367841e-01, 4.21925709e-02, 3.60620255e-03, 1.08186086e-03,
       7.21240533e-04, 7.21240533e-04, 0., 3.89469892e-01,
       1.45690590e-01, 3.31770629e-02, 1.15398485e-02, 5.04868384e-03,
       1.80310127e-03, 1.44248107e-03, 0., 1.02658682e-01,
       -3.64112714e-03, 5.72326011e-04, 1.21521659e-03, 1.04100138e-01,
       1.07983331e-04, 4.56013111e-03, 2.06758827e-01, 3.38801965e-06,
       1.65581132e-05, 4.58377472e-05, -1.24856192e-09, -1.66281779e-08,
       1.89206442e-10, 1., 3.93850029e-01, 1.96293175e-01,
       8.80370662e-02, 1.85341202e-02, 7.58213969e-03, 1.26368995e-03,
       2.94860988e-03, 1.63858458e-01, 2.73799486e-02, 2.10614991e-03,
       4.21229983e-03, 2.10614991e-03, 1.68491993e-03, 8.42459965e-04,
       0., 3.49620879e-02, 4.21229983e-04, 0., 4.21229983e-04, 0., 0.,
       0., 4.21229983e-04, 3.03285588e-02, 0., 0., 0., 0., 0., 0., 0.,
       9.68828946e-02, 3.79106984e-03, 0., 0., 4.21229983e-04, 0., 0.,
       4.21229983e-04, 2.24936813e-01, 7.45577067e-02, 1.85341202e-02,
       8.42459965e-03, 5.05475979e-03, 4.21229983e-03, 2.94860988e-03,
       2.94860988e-03, 4.69250202e-01, 6.90817162e-02, 2.82224081e-02,
       2.10614987e-02, 1.34793594e-02, 7.58213969e-03, 6.73967972e-03,
       5.89721976e-03, 9.72620010e-01, 1.98820546e-01, 1.15417019e-01,
       2.02190392e-02, 1.81128886e-02, 8.42459965e-03, 4.21229983e-03,
       6.73967972e-03, 5.99853471e-02, -8.18865810e-05, 4.09270811e-04,
       1.15746137e-04, 1.09132871e-01, 9.92247587e-05, -4.65853336e-05,
       1.69118226e-01, 2.41614948e-03, 2.99163588e-07, 5.08382936e-09,
       -1.32626111e-17, 2.22272020e-10, 1.97818523e-16, 1.,
       5.09053655e-02, 6.49128808e-03, 0., 3.41646752e-04, 0., 0., 0.,
       1.16501540e-01, 0., 0., 0., 0., 0., 0., 0., 4.61223125e-02,
       1.02494028e-03, 0., 0., 0., 0., 0., 0., 8.37034509e-02,
       3.41646752e-04, 0., 0., 0., 0., 0., 0., 2.12845922e-01,
       8.33618045e-02, 4.44140797e-03, 0., 0., 0., 0., 0.,
       7.77929664e-01, 5.67475259e-01, 5.39801866e-02, 9.22446232e-03,
       1.02494028e-03, 0., 0., 0., 4.56781715e-01, 4.33891378e-02,
       7.17458175e-03, 3.41646746e-03, 0., 0., 0., 0., 7.06525505e-01,
       2.01571584e-02, 8.19952227e-03, 6.83293503e-04, 3.41646752e-04,
       0., 0., 0., 7.08265305e-02, 4.08678665e-04, -2.79543996e-02,
       1.22837126e-04, 1.02954343e-01, -7.68069120e-04, 5.84478665e-04,
       1.73780873e-01, 4.15799022e-03, 7.40639234e-06, 6.29457134e-07,
       1.35464470e-12, 4.03480449e-08, -1.10000991e-13, 1.,
       3.99670377e-02, 8.24062619e-03, 4.12031310e-04, 0., 0., 0., 0.,
       1.65636584e-01, 4.12031310e-04, 0., 0., 0., 0., 0., 0.,
       4.61475067e-02, 0., 0., 0., 0., 0., 0., 0., 4.86196950e-02, 0.,
       0., 0., 0., 0., 0., 0., 9.27070454e-02, 6.51009455e-02, 0., 0.,
       0., 0., 0., 0., 8.98228228e-01, 9.87639070e-01, 7.04573542e-02,
       8.65265727e-03, 3.70828179e-03, 8.24062619e-04, 0., 0.,
       7.00453222e-01, 9.76514220e-02, 1.19489077e-02, 8.24062619e-04,
       8.24062619e-04, 0., 0., 0., 7.40832269e-01, 4.24392261e-02,
       7.00453203e-03, 1.64812524e-03, 1.23609393e-03, 4.12031310e-04,
       0., 0., 9.82553810e-02, -1.94722263e-03, -9.70527437e-03,
       -6.94575836e-04, 7.78528154e-02, -9.18787962e-04, 1.82305346e-03,
       1.76108196e-01, 7.93034211e-04, 1.59176470e-05, 9.48747856e-06,
       -1.13214306e-10, 2.67161454e-07, -2.78571298e-11, 5.55106997e-01,
       1.34033099e-01, 1.44933388e-01, 3.10859904e-02, 6.45942660e-03,
       2.42228503e-03, 1.61485665e-03, 1.61485665e-03, 1.54622525e-01,
       1.00928545e-02, 1.77634228e-02, 6.45942660e-03, 4.03714163e-04,
       4.03714163e-04, 8.07428325e-04, 8.07428325e-04, 2.58377064e-02,
       4.03714163e-04, 4.03714163e-04, 0., 0., 0., 0., 0.,
       3.51231322e-02, 4.03714163e-04, 0., 0., 0., 0., 0., 0.,
       1.00928538e-01, 1.29188532e-02, 4.03714163e-04, 0., 0., 0., 0.,
       0., 5.06661296e-01, 3.54461044e-01, 5.12716994e-02,
       1.33225676e-02, 2.82599917e-03, 4.03714163e-04, 4.03714163e-04,
       1.21114252e-03, 1., 1.15058534e-01, 3.67379896e-02,
       1.45337097e-02, 1.04965679e-02, 1.29188532e-02, 4.84457007e-03,
       2.42228503e-03, 8.40532899e-01, 7.26685524e-02, 2.74525639e-02,
       1.21114245e-02, 8.47799703e-03, 2.01857090e-03, 2.01857090e-03,
       2.01857090e-03, 8.00461620e-02, -1.61729564e-04, 1.84862074e-02,
       3.01317021e-04, 8.40588883e-02, 2.19978188e-04, -2.74306687e-04,
       1.64105058e-01, 1.38306140e-03, 2.06342315e-06, 4.12246104e-09,
       2.43085300e-16, 1.05651272e-10, -2.92357366e-16, 3.10902268e-01,
       1.52255639e-01, 1.56390980e-01, 5.52631579e-02, 9.39849671e-03,
       7.51879707e-04, 3.75939853e-04, 2.25563906e-03, 1.43609017e-01,
       6.01503765e-03, 1.87969930e-03, 3.00751883e-03, 1.12781953e-03,
       0., 0., 0., 6.50375932e-02, 3.75939853e-04, 3.75939853e-04, 0.,
       0., 0., 0., 0., 6.65413514e-02, 3.75939853e-04, 0.,
       7.51879707e-04, 0., 0., 0., 7.51879707e-04, 1.38345867e-01,
       3.94736864e-02, 1.12781953e-02, 7.51879707e-04, 0.,
       7.51879707e-04, 1.12781953e-03, 1.12781953e-03, 8.66541386e-01,
       1., 5.52631579e-02, 1.72932334e-02, 1.72932334e-02,
       1.42857144e-02, 6.76691718e-03, 7.51879718e-03, 7.56015062e-01,
       1.53007522e-01, 2.74436101e-02, 1.09022558e-02, 4.51127812e-03,
       3.00751883e-03, 1.50375941e-03, 1.50375941e-03, 2.95864671e-01,
       6.61654174e-02, 2.63157897e-02, 1.05263162e-02, 7.14285718e-03,
       4.51127812e-03, 3.00751883e-03, 2.25563906e-03, 6.43320456e-02,
       3.26542882e-04, 2.80225407e-02, -4.68691433e-04, 1.13961160e-01,
       -1.18557748e-03, -5.63471287e-04, 1.78293213e-01, 5.60409995e-03,
       1.57898066e-05, 1.80330028e-06, 9.19884828e-12, 1.15635792e-07,
       -2.82396849e-12, 2.93478280e-01, 4.79851551e-02, 1.43160131e-02,
       1.00742318e-02, 4.24178177e-03, 2.12089089e-03, 1.85577956e-03,
       0., 6.91940635e-02, 4.50689299e-03, 0., 0., 0., 0., 0., 0.,
       2.65111364e-02, 0., 0., 0., 0., 0., 0., 0., 5.77942766e-02,
       7.95334112e-04, 0., 0., 0., 0., 0., 0., 1.59862146e-01,
       6.81336224e-02, 2.14740206e-02, 7.68822944e-03, 2.12089089e-03,
       7.95334112e-04, 2.65111361e-04, 2.65111361e-04, 7.54241824e-01,
       1., 7.26405159e-02, 1.98833514e-02, 1.00742318e-02,
       5.56733878e-03, 1.85577956e-03, 1.32555678e-03, 4.56786871e-01,
       1.41304359e-01, 1.03393430e-02, 3.18133645e-03, 1.85577956e-03,
       1.59066822e-03, 7.95334112e-04, 2.65111361e-04, 2.08642647e-01,
       3.73807028e-02, 6.36267290e-03, 2.12089089e-03, 1.59066822e-03,
       1.06044544e-03, 1.32555678e-03, 2.65111361e-04, 8.31882730e-02,
       -2.66898947e-04, 4.39456217e-02, -1.80785800e-03, 1.01993650e-01,
       -1.87086489e-03, -1.04016886e-04, 1.85181931e-01, 8.07851274e-03,
       5.68741489e-05, 8.22530001e-06, 1.75350706e-10, 7.01244517e-07,
       -3.00311269e-11, 4.10743803e-01, 1.67768598e-01, 2.10468322e-01,
       5.78512400e-02, 1.15702488e-02, 4.40771366e-03, 3.30578536e-03,
